13 6 7 7 11 68 26 31 5 17 30 78 0 28 86 23 26 3 6 8 10 79 
5 28 24 15 31 68 7 10 14 16 83 1 15 79 2 12 22 78 6 22 26 1 
21 0 27 5 70 5 29 11 86 16 10 30 12 28 19 16 7 7 24 3 83 6 
15 13 0 17 18 22 10 79 26 11 1 11 4 79 31 20 0 27 27 68 27 14 
18 73 23 7 3 10 83 27 30 1 83 7 7 11 3 23 7 28 15 23 83 28 
21 8 27 6 7 22 23 79 18 17 30 3 16 79 2 1 11 26 86 1 5 10 
19 73 6 11 8 7 22 79 2 12 22 78 26 79 1 12 22 0 86 5 29 79 
20 7 30 12 9 19 29 79 6 22 26 0 29 10 4 68 7 1 25 15 83 14 
65 14 20 14 10 1 10 79 25 2 83 26 16 31 19 68 18 0 18 68 0 12 
19 8 24 0 10 1 23 79 31 16 83 26 6 79 27 5 24 11 86 5 83 27 
24 25 16 66 21 20 22 12 31 9 22 0 73 13 25 11 24 78 31 16 83 7 
0 26 85 17 19 22 5 6 0 1 23 78 7 0 2 68 28 0 26 29 83 9 
8 31 16 66 5 1 29 27 3 22 26 11 26 79 20 17 7 78 23 8 0 0 
65 29 29 7 70 8 22 14 6 68 26 0 29 0 86 1 31 11 21 16 1 0 
15 0 22 66 18 29 3 10 5 1 7 26 0 1 17 68 1 11 27 5 26 1 
8 7 18 66 3 23 0 10 24 16 26 15 5 3 15 68 6 0 21 12 18 1 
6 12 17 66 15 16 83 24 23 23 83 30 6 31 3 8 18 28 31 23 22 11 
65 0 27 66 18 12 22 79 5 68 4 7 29 7 86 16 27 11 86 22 22 3 
4 8 6 7 70 11 21 79 26 1 7 28 8 28 19 16 83 29 30 1 22 27 
18 73 22 13 8 16 18 6 24 13 29 9 73 3 25 22 22 3 86 13 3 28 
20 4 85 18 7 23 0 14 17 1 0 78 8 1 18 68 30 1 4 1 83 29 
4 10 16 12 18 8 10 79 1 13 7 6 73 11 19 23 24 26 25 20 83 31 
20 11 25 11 21 12 26 1 17 68 0 1 15 27 1 5 1 11 86 8 26 4 
4 73 20 14 2 17 0 79 6 5 20 11 4 14 29 1 1 78 31 10 16 3 
20 13 28 12 1 68 5 10 4 23 26 1 7 28 86 11 21 78 26 11 1 10 
12 73 28 18 21 17 30 79 21 11 29 26 27 14 4 29 83 26 25 68 3 0 
17 28 25 3 20 68 17 10 26 13 22 8 73 3 25 22 22 3 86 13 3 28 
20 4 85 11 21 68 29 0 2 68 0 7 4 31 26 29 83 28 23 10 23 0 
12 73 1 7 30 16 83 6 2 68 27 15 26 79 4 11 28 26 5 68 26 1 
65 8 85 18 15 1 16 10 86 11 21 78 10 3 23 23 0 7 21 5 31 79 
13 8 1 11 8 68 31 6 2 1 1 15 29 26 4 1 83 8 4 11 30 79 
65 11 22 66 11 5 24 6 24 3 83 7 29 79 25 18 22 28 86 68 10 10 
0 27 6 66 9 8 23 79 4 13 16 6 8 29 18 68 30 13 21 8 26 1 
21 6 22 9 70 5 83 3 23 16 26 0 73 31 4 11 21 11 5 23 28 29 
65 8 1 66 14 5 30 31 18 1 29 29 16 11 24 1 10 78 21 11 31 3 
4 14 16 66 15 10 83 25 31 22 20 7 7 6 23 68 31 1 25 15 22 11 
65 28 5 66 9 10 22 79 25 2 83 26 1 10 86 9 28 28 19 68 28 13 
18 10 0 16 3 68 31 14 2 13 29 78 30 0 4 0 0 78 21 11 29 28 
4 10 1 7 18 17 1 79 16 22 28 3 73 14 86 8 28 28 19 9 83 6 
17 26 0 15 70 20 18 28 5 5 20 11 73 14 24 0 83 9 25 13 29 8 
65 29 29 16 9 17 20 7 86 16 27 11 73 12 31 16 22 29 86 11 21 79 
21 1 16 66 17 11 1 11 86 13 29 78 10 3 23 23 0 7 21 5 31 79 
13 0 1 7 20 5 7 26 4 1 83 10 0 28 21 11 5 11 4 1 23 79 
21 1 16 66 19 10 23 0 3 6 7 15 11 3 19 68 0 1 3 22 16 10 
65 5 26 16 3 9 83 6 6 23 6 3 73 12 25 9 22 29 86 2 1 0 
12 73 6 7 5 16 26 0 24 23 83 78 8 1 18 68 83 1 16 68 23 10 
65 15 28 12 15 6 6 28 86 6 28 0 6 29 3 9 83 11 2 68 30 14 
13 6 7 23 11 68 7 7 19 68 22 22 29 29 19 9 22 29 86 11 21 79 
6 6 26 6 70 5 29 11 86 1 5 7 5 79 20 29 83 13 31 7 22 29 
14 73 2 16 15 16 7 10 24 68 26 0 73 79 20 7 83 26 30 13 0 79 
3 6 26 9 70 13 0 79 23 68 7 28 12 14 2 13 0 11 86 11 29 79 
21 1 16 66 18 12 22 0 4 29 83 1 15 79 19 16 27 7 21 23 83 25 
4 27 12 66 22 11 3 26 26 5 1 78 13 26 4 13 29 9 86 16 27 10 
65 27 16 12 7 13 0 28 23 10 16 11 73 27 30 1 83 8 31 22 0 27 
65 5 28 12 3 68 28 9 86 8 28 28 12 2 86 13 3 29 3 9 83 3 
14 27 16 15 70 13 3 28 3 9 83 10 6 3 25 22 83 29 31 16 83 14 
12 12 1 66 5 11 30 10 5 68 21 28 6 2 86 5 83 2 31 10 22 79 
8 7 85 17 3 7 7 6 25 10 83 26 1 10 86 23 7 15 24 0 18 29 
5 73 22 10 19 10 24 79 25 2 83 2 6 29 19 9 83 7 6 23 6 2 
65 28 6 7 2 68 0 6 24 7 22 78 29 7 19 68 0 78 31 23 83 29 
4 25 7 13 2 17 16 10 18 68 17 11 5 0 1 68 21 1 4 68 7 7 
14 26 16 66 15 10 7 10 4 1 0 26 12 11 86 23 22 13 2 13 28 1 
18 73 85 3 8 0 83 79 16 22 28 3 73 11 19 68 21 7 24 13 17 26 
18 73 23 13 8 11 1 26 27 68 22 26 73 2 23 8 28 28 3 9 83 13 
24 73 22 11 5 1 1 0 86 5 1 11 73 14 26 23 28 78 4 1 3 29 
14 13 0 1 3 0 83 6 24 68 7 6 12 6 4 68 22 22 23 7 7 79 
14 27 28 5 15 10 18 3 86 2 28 28 4 79 23 7 16 1 27 20 18 1 
8 12 17 66 4 29 83 10 24 3 31 7 26 7 86 18 22 28 5 13 28 1 
18 73 19 16 9 9 83 27 30 1 83 78 29 29 23 10 0 2 23 16 26 0 
15 73 23 27 70 12 83 29 23 7 24 6 8 2 